{
    "buckets": [
        {
            "name": "bucket1",
            "offset": 
            [-0.999931, -0.000195, 0.020966, 0.364528, 
            0.002893, 0.989109, 0.147154, -0.364074, 
            -0.020767, 0.147205, -0.989041, -0.686525, 
            0.000000, 0.000000, 0.000000, 1.000000]            
        },

        {
            "name": "bucket1a",
            "offset": 
            [-0.749203, -0.660499, 0.052316, 0.434121, 
            -0.659199, 0.750901, 0.040051, 0.079551, 
            -0.065738, -0.004480, -0.997978, -0.465554, 
            0.000000, 0.000000, 0.000000, 1.000000]
        },

        {
            "name": "bucket2",
            "offset": 
            [-0.988849, 0.074092, 0.130350, 0.504513, 
            0.085983, 0.992385, 0.088201, 0.346815, 
            -0.122822, 0.098426, -0.987689, -0.480727, 
            0.000000, 0.000000, 0.000000, 1.000000]
        },

        {
            "name": "bucket2a",
            "offset": 
            [-0.842511, 0.518956, 0.145468, 0.503987, 
            0.530945, 0.845321, 0.059407, 0.135691, 
            -0.092138, 0.127287, -0.987730, -0.538409, 
            0.000000, 0.000000, 0.000000, 1.000000]
        },

        {
            "name": "bucket3",
            "offset": [0.991644, 0.130162, -0.001630, 0.438118, 
            0.130088, -0.990526, 0.043992, -0.343501, 
            0.004112, -0.043836, -0.999181, -0.508801, 
            0.000000, 0.000000, 0.000000, 1.000000]
            
        },

        {
            "name": "bucket3a",
            "offset": [0.677448, 0.732394, 0.070463, 0.482684, 
            0.735662, -0.674492, -0.062152, 0.188379, 
            0.002007, 0.093942, -0.995727, -0.465532, 
            0.000000, 0.000000, 0.000000, 1.000000]
            
        },

        {
            "name": "bucket4",
            "offset": [0.998193, -0.013158, 0.061156, 0.508905, 
            -0.027340, -0.971046, 0.237323, 0.432792, 
            0.056263, -0.238566, -0.969651, -0.545511, 
            0.000000, 0.000000, 0.000000, 1.000000]
        },

        {
            "name": "bucket4a",
            "offset": [0.665242, -0.742030, 0.084531, 0.388601, 
            -0.744736, -0.650876, 0.147408, -0.194603, 
            -0.054362, -0.161015, -0.985607, -0.457762, 
            0.000000, 0.000000, 0.000000, 1.000000]
        }
    ]
}
