{
    "buckets": [
        {
            "name": "bucket1",
            "offset": 
            [0.997327, 0.035239, 0.066322, 0.570338, 
            0.026334, -0.991086, 0.130595, -0.372300, 
            0.070333, -0.128499, -0.989365, -0.461140, 
            0.000000, 0.000000, 0.000000, 1.000000]
                    
        },

        {
            "name": "bucket1a",
            "offset": 
            [0.732707, 0.668220, 0.130099, 0.519397, 
            0.675649, -0.736951, -0.020040, 0.217839, 
            0.082485, 0.102585, -0.991451, -0.434133, 
            0.000000, 0.000000, 0.000000, 1.000000]
                    
        },

        {
            "name": "bucket2",
            "offset": 
            [0.627294, -0.777444, -0.048837, 0.574595, 
            -0.762852, -0.625745, 0.162788, -0.089846, 
            -0.157118, -0.064861, -0.985601, -0.477969, 
            0.000000, 0.000000, 0.000000, 1.000000]

        },

        {
            "name": "bucket2a",
            "offset": 
            [0.896794, -0.442617, 0.012345, 0.578068, 
            -0.435283, -0.886338, -0.157907, 0.094058, 
            0.080834, 0.136237, -0.987526, -0.388794, 
            0.000000, 0.000000, 0.000000, 1.000000]
                        
        },

        {
            "name": "bucket3",
            "offset": 
            [-0.993124, 0.077219, 0.089684, 0.666094, 
            0.071462, 0.995284, -0.065603, -0.424827, 
            -0.094327, -0.058743, -0.993959, -0.458040, 
            0.000000, 0.000000, 0.000000, 1.000000]
            
        },

        {
            "name": "bucket3a",
            "offset": 
            [-0.580652, -0.812639, 0.052569, 0.537599, 
            -0.813502, 0.581547, 0.004297, 0.244073, 
            -0.034063, -0.040270, -0.998759, -0.445241, 
            0.000000, 0.000000, 0.000000, 1.000000]
            
        },

        {
            "name": "bucket4",
            "offset": 
            [-0.878279, 0.477550, 0.029568, 0.723240, 
            0.477481, 0.878611, -0.007402, 0.266171, 
            -0.029514, 0.007617, -0.999686, -0.412372, 
            0.000000, 0.000000, 0.000000, 1.000000]
            
        },

        {
            "name": "bucket4a",
            "offset": 
            [-0.709994, 0.704274, -0.014449, 0.508968, 
            0.704029, 0.710034, 0.013954, -0.110068, 
            0.020087, -0.000265, -0.999949, -0.447341, 
            0.000000, 0.000000, 0.000000, 1.000000]
            
        }
    ]
}
