{
    "buckets": [
        {
            "name": "bucket1",
            "offset": 
            [-0.999175, 0.002283, 0.044109, 0.512918, 
            -0.002184, 0.994888, -0.100958, -0.424131, 
            -0.044114, -0.100971, -0.994063, -0.5000, 
            0.000000, 0.000000, 0.000000, 1.000000]
        },

        {
            "name": "bucket1a",
            "offset": 
            [-0.646352, -0.757942, 0.089750, 0.380982, 
            -0.760024, 0.649750, 0.013696, 0.226660, 
            -0.068696, -0.059360, -0.996022, -0.4800, 
            0.000000, 0.000000, 0.000000, 1.000000]
        },

        {
            "name": "bucket2",
            "offset": 
            [-0.999636, -0.013135, 0.029277, 0.471126, 
            -0.016011, 0.994821, -0.100378, 0.456173, 
            -0.027807, -0.100810, -0.994669, -0.5000, 
            0.000000, 0.000000, 0.000000, 1.000000]
        },

        {
            "name": "bucket2a",
            "offset": 
            [-0.559810, 0.828777, -0.006663, 0.490241, 
            0.828349, 0.559258, -0.032681, -0.207834, 
            -0.023359, -0.023815, -0.999595, -0.48000, 
            0.000000, 0.000000, 0.000000, 1.000000]
        },

        {
            "name": "bucket3",
            "offset": 
            [1.000088, -0.008970, -0.006684, 0.577750, 
            -0.008856, -0.999821, 0.016734, -0.444545, 
            -0.006833, -0.016676, -0.999989, -0.5000, 
            0.000000, 0.000000, 0.000000, 1.000000]            
        },

        {
            "name": "bucket3a",
            "offset": 
            [0.684024, 0.692387, 0.230246, 0.489992, 
            0.728419, -0.665581, -0.162505, 0.315851, 
            0.040731, 0.278873, -0.959621, -0.48000, 
            0.000000, 0.000000, 0.000000, 1.000000]            
        },

        {
            "name": "bucket4",
            "offset": 
            [0.982973, -0.182971, 0.024231, 0.561913, 
            -0.168521, -0.943241, -0.286176, 0.325333, 
            0.075218, 0.277220, -0.958015, -0.49000, 
            0.000000, 0.000000, 0.000000, 1.000000]
        },

        {
            "name": "bucket4a",
            "offset": 
            [0.538619, -0.841140, -0.051724, 0.415362, 
            -0.841454, -0.539993, 0.019075, -0.237216, 
            -0.043975, 0.033249, -0.998630, -0.48000, 
            0.000000, 0.000000, 0.000000, 1.000000]
        }
    ]
}
