{
    "buckets": [
        {
            "name": "bucket1",
            "offset": 
            [0.998860, -0.020748, 0.046367, 0.523761, 
            -0.022305, -0.999193, 0.033395, -0.412027, 
            0.045637, -0.034391, -0.998517, -0.504765, 
            0.000000, 0.000000, 0.000000, 1.000000]            
        },

        {
            "name": "bucket1a",
            "offset": 
            [0.732842, 0.680453, 0.015136, 0.497975, 
            0.679621, -0.732726, 0.035043, 0.161108, 
            0.034935, -0.015394, -0.999422, -0.481234, 
            0.000000, 0.000000, 0.000000, 1.000000]            
        },

        {
            "name": "bucket2",
            "offset": 
            [1.000118, 0.000118, 0.008161, 0.469106, 
            -0.000529, -0.996856, 0.079232, 0.438726, 
            0.008144, -0.079245, -0.996973, -0.428316, 
            0.000000, 0.000000, 0.000000, 1.000000]

        },

        {
            "name": "bucket2a",
            "offset": 
            [0.593049, -0.803001, 0.061520, 0.316892, 
            -0.803963, -0.586006, 0.101199, -0.241431, 
            -0.045212, -0.109476, -0.993113, -0.369822, 
            0.000000, 0.000000, 0.000000, 1.000000]

        },

        {
            "name": "bucket3",
            "offset": 
            [-0.998134, 0.035058, 0.052932, 0.641457, 
            0.032599, 0.998385, -0.046532, -0.437595, 
            -0.054478, -0.044719, -0.997664, -0.550912, 
            0.000000, 0.000000, 0.000000, 1.000000]

        },

        {
            "name": "bucket3a",
            "offset": 
            [-0.564183, -0.814439, 0.136707, 0.355189, 
            -0.823095, 0.567713, -0.014693, 0.253283, 
            -0.065644, -0.120813, -0.990655, -0.366042, 
            0.000000, 0.000000, 0.000000, 1.000000]

        },

        {
            "name": "bucket4",
            "offset": 
            [-0.999202, -0.032704, 0.028790, 0.564298, 
            -0.032756, 0.999462, -0.001529, 0.421700, 
            -0.028725, -0.002471, -0.999735, -0.412199, 
            0.000000, 0.000000, 0.000000, 1.000000]

        },

        {
            "name": "bucket4a",
            "offset": 
            [-0.475493, 0.879582, -0.023313, 0.155965, 
            0.872959, 0.474869, 0.111544, -0.252519, 
            0.109183, 0.032687, -0.993636, -0.375481, 
            0.000000, 0.000000, 0.000000, 1.000000]

        }
    ]
}
