{
    "buckets": [
        {
            "name": "bucket3",
            "offset": [0.708524, -0.084099, 0.700873, 0.470249, 
            -0.027580, -0.995417, -0.091561, -0.516520, 
            0.705362, 0.045543, -0.707596, -0.538777, 
            0.000000, 0.000000, 0.000000, 1.000000]            
        },

        {
            "name": "bucket3a",
            "offset": [0.525166, 0.625437, 0.577349, 0.629462, 
            0.469666, -0.778578, 0.416210, 0.021025, 
            0.709824, 0.052581, -0.702629, -0.614810, 
            0.000000, 0.000000, 0.000000, 1.000000]
            
            
        },

        {
            "name": "bucket4",
            "offset": [0.674061, -0.033087, 0.738139, 0.538012, 
            -0.008369, -0.999275, -0.037149, 0.443756, 
            0.738832, 0.018863, -0.673849, -0.627326, 
            0.000000, 0.000000, 0.000000, 1.000000]
            
        },

        {
            "name": "bucket4a",
            "offset": [0.307405, -0.873842, 0.377099, 0.457879, 
            -0.568528, -0.486335, -0.663516, -0.240606, 
            0.763205, -0.010423, -0.646306, -0.52, 
            0.000000, 0.000000, 0.000000, 1.000000]            
        }
    ]
}
