{
    "buckets": [
        {
            "name": "bucket3",
            "offset": [0.680448, -0.086441, 0.727888, 0.495588, 
                      -0.058569, -0.996258, -0.063560, -0.480320, 
                       0.730658, 0.000617, -0.682965, -0.50000, 
                       0.000000, 0.000000, 0.000000, 1.000000]
        },

        {
            "name": "bucket3a",
            "offset": [0.454560, 0.732678, 0.506813, 0.608328, 
                       0.526674, -0.679798, 0.510382, 0.133490, 
                       0.718476, 0.034926, -0.694892, -0.50000, 
                       0.000000, 0.000000, 0.000000, 1.000000]
            
        },

        {
            "name": "bucket4",
            "offset": [0.577031, 0.005503, 0.816888, 0.608209, 
                      -0.010942, -0.999836, 0.014464, 0.466766, 
                       0.816834, -0.017285, -0.576876, -0.50000, 
                       0.000000, 0.000000, 0.000000, 1.000000]
        },

        {
            "name": "bucket4a",
            "offset": [0.472830, -0.491541, 0.731520, 0.542601, 
            -0.345326, -0.866962, -0.359343, 0.111898, 
            0.810831, -0.082704, -0.579668, -0.40, 
            0.000000, 0.000000, 0.000000, 1.000000]
        }
    ]
}
