{
    "buckets": [
        {
            "name": "bucket2",
            "offset": 
            [0.116999, -0.628550, 0.769115, 0.566376, 
            -0.983428, 0.034690, 0.177951, -0.058288, 
            -0.138532, -0.777189, -0.614075, -1.286774, 
            0.000000, 0.000000, 0.000000, 1.000000]
                        
        },
        {
            "name": "bucket1a",
            "offset": 
            [0.116999, -0.628550, 0.769115, 0.566376, 
            -0.983428, 0.034690, 0.177951, -0.058288, 
            -0.138532, -0.777189, -0.614075, -1.606774, 
            0.000000, 0.000000, 0.000000, 1.000000]
                        
        },
        {
            "name": "bucket1",
            "offset": 
            [0.116999, -0.628550, 0.769115, 0.566376, 
            -0.983428, 0.034690, 0.177951, -0.058288, 
            -0.138532, -0.777189, -0.614075, -1.286774, 
            0.000000, 0.000000, 0.000000, 1.000000]
        }
    ]
}
