{
    "buckets": [
        {
            "name": "bucket2",
            "offset": 
            [0.038419, -0.688274, 0.724641, 0.548317, 
            -0.997116, 0.021094, 0.072902, -0.036618, 
            -0.065462, -0.725352, -0.685479, -1.364814, 
            0.000000, 0.000000, 0.000000, 1.000000]
                                    
        },
        {
            "name": "bucket1a",
            "offset": 
            [0.038419, -0.688274, 0.724641, 0.548317, 
            -0.997116, 0.021094, 0.072902, -0.036618, 
            -0.065462, -0.725352, -0.685479, -1.704814, 
            0.000000, 0.000000, 0.000000, 1.000000]
                                    
        },
        {
            "name": "bucket1",
            "offset": 
            [0.038419, -0.688274, 0.724641, 0.548317, 
            -0.997116, 0.021094, 0.072902, -0.036618, 
            -0.065462, -0.725352, -0.685479, -2.204814, 
            0.000000, 0.000000, 0.000000, 1.000000]
                    }
    ]
}
