{
    "buckets": [
        {
            "name": "bucket1",
            "offset": 
            [-0.009076, -0.625626, 0.780264, 0.734826, 
            -0.999957, 0.004196, -0.008266, -0.049705, 
            0.001897, -0.780305, -0.625637, -2.2000, 
            0.000000, 0.000000, 0.000000, 1.000000]
        },
        {
            "name": "bucket1a",
            "offset": 
            [-0.009076, -0.625626, 0.780264, 0.734826, 
            -0.999957, 0.004196, -0.008266, -0.049705, 
            0.001897, -0.780305, -0.625637, -2.2000, 
            0.000000, 0.000000, 0.000000, 1.000000]
        },

        {
            "name": "bucket2",
            "offset": 
            [-0.009076, -0.625626, 0.780264, 0.734826, 
            -0.999957, 0.004196, -0.008266, -0.049705, 
            0.001897, -0.780305, -0.625637, -1.253491, 
            0.000000, 0.000000, 0.000000, 1.000000]
        }
    ]
}
