{
    "buckets": [
        {
            "name": "bucket2",
            "offset": 
            [-0.084583, -0.436671, 0.895805, 0.625544, 
            -0.989151, 0.145146, -0.022644, 0.002050, 
            -0.120135, -0.888001, -0.444211, -1.201090, 
            0.000000, 0.000000, 0.000000, 1.000000]

        },
        {
            "name": "bucket1a",
            "offset": 
            [-0.084583, -0.436671, 0.895805, 0.625544, 
            -0.989151, 0.145146, -0.022644, 0.002050, 
            -0.120135, -0.888001, -0.444211, -1.451090, 
            0.000000, 0.000000, 0.000000, 1.000000]

        },
        {
            "name": "bucket1",
            "offset": 
            [-0.084583, -0.436671, 0.895805, 0.625544, 
            -0.989151, 0.145146, -0.022644, 0.002050, 
            -0.120135, -0.888001, -0.444211, -2.051090, 
            0.000000, 0.000000, 0.000000, 1.000000]
        }
    ]
}
