{
    "buckets": [
        {
            "name": "bucket2",
            "offset": 
            [0.037898, -0.682111, 0.730472, 0.529644, 
            -0.997444, 0.018490, 0.069014, 0.219681, 
            -0.060582, -0.731221, -0.679667, -1.351976, 
            0.000000, 0.000000, 0.000000, 1.000000]
            
        },
        {
            "name": "bucket1a",
            "offset": 
            [0.037898, -0.682111, 0.730472, 0.529644, 
            -0.997444, 0.018490, 0.069014, 0.219681, 
            -0.060582, -0.731221, -0.679667, -1.751976, 
            0.000000, 0.000000, 0.000000, 1.000000]
            
        },
        {
            "name": "bucket1",
            "offset": 
            [0.037898, -0.682111, 0.730472, 0.529644, 
            -0.997444, 0.018490, 0.069014, 0.219681, 
            -0.060582, -0.731221, -0.679667, -1.351976, 
            0.000000, 0.000000, 0.000000, 1.000000]            
        }
    ]
}
