{
    "buckets": [
        {
            "name": "bucket2",
            "offset": 
            [0.182104, -0.651066, 0.737058, 0.651576, 
            -0.960407, 0.042993, 0.275263, 0.160693, 
            -0.210902, -0.758002, -0.617459, -1.314831, 
            0.000000, 0.000000, 0.000000, 1.000000]

        },
        {
            "name": "bucket1a",
            "offset": 
            [0.457799, -0.702237, 0.545514, 0.649856, 
            -0.659286, 0.143545, 0.738063, 0.132551, 
            -0.596600, -0.697534, -0.397261, -1.481937, 
            0.000000, 0.000000, 0.000000, 1.000000]

        },
        {
            "name": "bucket1",
            "offset": 
            [0.457799, -0.702237, 0.545514, 0.649856, 
            -0.659286, 0.143545, 0.738063, 0.132551, 
            -0.596600, -0.697534, -0.397261, -1.981937, 
            0.000000, 0.000000, 0.000000, 1.000000]
        }
    ]
}
